160 609.7322 370.6057 95.2 3.37
161 604.4141 397.2948 94.4 3.40
163 587.5364 441.4171 94.4 3.40
164 579.4821 459.3734 94.4 3.44
166 561.719  499.6163 94.2 3.46
168 555.2752 533.174  94.4 3.47
170 534.0199 568.9212 93.2 3.48
172 513.0639 614.3563 93.2 3.52
173 503.6765 635.9711 93.2 3.53
175 485.7313 670.0278 93.5 3.54
176 479.3223 701.6188 93.4 3.54
178 468.2386 733.5351 93.2 3.54
180 459.2386 767.5351 93.4 3.54
181 452.2386 795.5351 93.4 3.54
183 446.1638 827.4604 93.2 3.54
184 438.7825 854.7825 93.2 3.54
185 433.7825 872.7825 93.2 3.54
186 426.7825 892.7825 93.2 3.54
187 422.7825 907.7825 93.2 3.54
188 416.7825 932.7825 93.2 3.54
189 412.7825 956.7825 93.2 3.54
190 409.7825 977.7825 93.2 3.54
191 399.7825 990.7825 93.2 3.54
192 395.7825 1012.7825 93.2 3.54
193 389.7825 1027.7825 93.2 3.54
194 388.7825 1044.7825 93.2 3.54
195 385.7825 1060.7825 93.2 3.54
196 381.7825 1075.7825 93.2 3.54
197 379.7825 1095.7825 93.2 3.54
198 378.7825 1107.7825 93.2 3.54
199 375.9710 1120.9711 94.2 3.54
200 372.3996 1146.3281 94.2 3.54
201 371.9710 1170.6853 94.2 3.54
202 368.3996 1188.2567 94.2 3.54
203 367.971 1211.1853 94.2 3.54
204 365.971 1237.9711 94.2 3.54
205 364.971 1250.9711 94.2 3.54
206 364.971 1273.9711 94.2 3.54
207 361.971 1298.9711 94.2 3.54
208 360.6164 1321.6163 94.2 3.56
209 360.6164 1337.6877 94.2 3.56
210 360.6164 1357.6163 94.2 3.56
211 360.6164 1376.6163 94.2 3.56
212 361.6164 1392.6163 94.2 3.56
213 361.6164 1421.6163 94.2 3.56
214 358.0449 1441.0449 94.2 3.56
215 362.6164 1456.6163 94.2 3.56
216 359.6164 1479.6163 94.2 3.56
217 362.6164 1504.6163 94.2 3.56
218 364.6164 1524.6163 94.2 3.56
219 364.6164 1549.6163 94.2 3.56
220 366.6164 1566.6163 94.2 3.56
221 368.4735 1591.6877 94.2 3.56
222 367.6164 1611.6165 94.2 3.56
223 367.7255 1628.7256 94.2 3.56
224 374.8683 1646.5828 94.2 3.56
225 372.8307 1670.2593 94.2 3.56
226 372.9617 1693.9618 94.2 3.58
227 376.3097 1717.3097 93.2 3.54
228 381.489 1733.5 94.2 3.53
229 381.489 1753.1428 94.2 3.53
230 385.5667 1774.5774 95.2 3.53
231 391.0173 1793.4849 94.2 3.55
232 386.2596 1817.2706 94.2 3.55
233 391.2596 1842.2706 94.2 3.55
234 397.2596 1868.2706 94.2 3.55
235 395.4739 1884.342  94.2 3.55
236 399.0453 1900.4135 94.2 3.55
237 406.1881 1918.2706 94.2 3.55
238 406.1881 1934.342  95.2 3.55
239 411.5453 1961.1278 95.2 3.55
240 416.9024 1984.342  95.2 3.55
241 418.6881 2002.1992 95.2 3.55
242 422.2596 2016.485  95.2 3.55
243 424.0453 2028.985  95.2 3.55
244 432.2149 2080.4404 94.2 3.62
245 442.5721 2102.2263 94.2 3.62
246 448.1435 2127.3691 94.2 3.62
247 449.9292 2147.012  94.2 3.62
248 453.5006 2164.8691 94.2 3.62
249 457.0721 2180.9407 94.2 3.62
250 462.0283 2196.0283 94.2 3.56
251 464.1769 2215.4023 95.2 3.56
252 473.1055 2235.0452 95.2 3.56
253 474.8912 2254.688  95.2 3.56
254 482.0341 2267.188  95.2 3.56
255 485.6055 2279.688  95.2 3.56
256 490.8693 2301.3086 95.2 3.56
257 495.8693 2316.8801 95.2 3.56
258 502.655 2338.5229  95.2 3.56
259 507.8693 2352.6658 95.2 3.56
260 513.2264 2375.8801 95.2 3.56
261 520.3693 2391.9517 95.2 3.56
262 525.7264 2411.5945 95.2 3.56
263 529.2978 2425.8801 95.2 3.56
264 537.8693 2450.9517 95.2 3.56
265 545.0122 2472.3801 95.2 3.56
266 546.7979 2486.6658 95.2 3.56
267 553.655 2507.6658  95.2 3.56
268 560.655 2521.6658  95.2 3.56
269 562.2979 2535.5229 95.2 3.56
270 567.5121 2549.9517 95.2 3.56
271 574.2979 2562.5229 95.2 3.56
272 576.2979 2580.4517 95.2 3.56
273 581.8693 2589.8801 95.2 3.56
274 587.2979 2615.0945 95.2 3.56
275 596.0836 2629.3086 95.2 3.56
276 603.2979 2652.6658 95.2 3.56
277 608.3693 2663.1658 95.7 3.56
278 619.5121 2689.3086 95.2 3.56
279 627.4291 2709.5386 95.2 3.56
280 630.3134 2725.7529 95.2 3.56
281 634.9562 2739.8958 95.2 3.56
282 639.5991 2752.9673 95.2 3.56
283 649.9562 2777.9673 95.2 3.56
284 658.8848 2794.1101 95.2 3.56
285 666.5276 2804.9673 95.2 3.56
286 681.5276 2844.9673 95.2 3.56
287 689.1705 2859.3958 95.2 3.56
288 691.9562 2866.8958 95.2 3.56
289 703.6705 2889.3245 95.2 3.56 